261 303
345 302
214 302
85 304
341 303
422 302
66 304
56 303
76 302
339 302
381 302
334 304
63 304
400 302
99 302
493 304
55 302
357 302
349 303
229 303
255 304
224 304
399 303
154 303
15 304
171 302
29 302
174 302
21 303
233 304
236 302
80 302
158 302
453 304
421 304
197 303
58 304
412 302
431 303
132 303
494 304
265 304
251 303
329 303
415 304
254 304
108 302
227 302
458 304
25 302
42 303
427 302
10 304
178 303
35 303
78 302
176 303
160 303
192 302
330 303
374 304
369 304
490 303
285 302
162 302
495 304
246 302
462 302
292 302
377 302
426 302
170 302
252 303
441 303
96 302
126 304
480 302
259 303
460 303
457 302
31 303
159 302
382 303
445 303
7 304
95 302
428 303
26 302
244 303
295 304
358 303
231 303
327 304
294 303
485 303
48 302
429 302
266 303
72 302
59 304