324 324
324 323
324 322
324 321
324 320
324 319
324 318
324 317
324 316
324 315
324 314
324 313
324 312
324 311
324 310
323 323
323 322
323 321
323 320
323 319
323 318
323 317
323 316
323 315
323 314
323 313
323 312
323 311
323 310
322 322
322 321
322 320
322 319
322 318
322 317
322 316
322 315
322 314
322 313
322 312
322 311
322 310
321 321
321 320
321 319
321 318
321 317
321 316
321 315
321 314
321 313
321 312
321 311
321 310
320 320
320 319
320 318
320 317
320 316
320 315
320 314
320 313
320 312
320 311
320 310
319 319
319 318
319 317
319 316
319 315
319 314
319 313
319 312
319 311
319 310
318 318
318 317
318 316
318 315
318 314
318 313
318 312
318 311
318 310
317 317
317 316
317 315
317 314
317 313
317 312
317 311
317 310
316 316
316 315
316 314
316 313
316 312
316 311
316 310
315 315
315 314
315 313
315 312
315 311
315 310
314 314
314 313
314 312
314 311
314 310
313 313
313 312
313 311
313 310
312 312
312 311
312 310
311 311
311 310
310 310