7 85
14 85
16 85
18 85
19 85
57 85
70 85
73 85
74 85
80 85
82 85
92 85
113 85
147 85
159 85
170 85
179 85
203 85
217 85
223 85
247 85
272 85
279 85
285 85
295 85
302 85
324 85
333 85
340 85
341 85
346 85
363 85
371 85
372 85
375 85
378 85
401 85
419 85
428 85
458 85
474 85
475 85
479 85
525 85
526 85
538 85
546 85
552 85
576 85
581 85
584 85
598 85
622 85
633 85
634 85
650 85
651 85
658 85
671 85
682 85
689 85
691 85
696 85
698 85
702 85
774 85
776 85
780 85
783 85
785 85
789 85
804 85
812 85
813 85
834 85
836 85
854 85
858 85
863 85
864 85
866 85
880 85
884 85
889 85
904 85
907 85
911 85
920 85
922 85
923 85
925 85
940 85
942 85
946 85
954 85
956 85
972 85
978 85
985 85
989 85