7 317
14 317
16 317
18 317
19 317
57 317
70 317
73 317
74 317
80 317
82 317
92 317
113 317
147 317
159 317
170 317
179 317
203 317
217 317
223 317
247 317
272 317
279 317
285 317
295 317
302 317
324 317
333 317
340 317
341 317
346 317
363 317
371 317
372 317
375 317
378 317
401 317
419 317
428 317
458 317
474 317
475 317
479 317
525 317
526 317
538 317
546 317
552 317
576 317
581 317
584 317
598 317
622 317
633 317
634 317
650 317
651 317
658 317
671 317
682 317
689 317
691 317
696 317
698 317
702 317
774 317
776 317
780 317
783 317
785 317
789 317
804 317
812 317
813 317
834 317
836 317
854 317
858 317
863 317
864 317
866 317
880 317
884 317
889 317
904 317
907 317
911 317
920 317
922 317
923 317
925 317
940 317
942 317
946 317
954 317
956 317
972 317
978 317
985 317
989 317